$ANSIBLE_VAULT;1.1;AES256
31366466353734333134656236383865393931613164326439316137633964653762343631366137
3631333766346433353736633762396538633137323537380a353764666465353236393333613235
37353838636531313032343562393134333262383461623232636564663637313437393831306634
6633346637323763380a353862356562666532623937623434356231383761616366386336353633
31393938343865643866343164353737623365653533633239663739653965303334646537323530
31363935616365633339646261346239613661303735616138356436666330626265326235333466
33623831646563383638336661306665316136633737323438333236323031633331313536383738
36313236343433623237316336333835333365356133323732663731663830353166623861333637
31653030386236366338303662303636323138366462663432343031373531653631653066393132
66356266633239393063386634376662616134303636633536646133636139396332623965663366
33353363623264363363643834653863343937613035656432343864326232373133663238643765
64646634356132353338313835616635306261363162623863386364636265343263663866393461
66313833343436656564653865353537383434393739636634363133643834396337663738346166
38306161623837666331306561376630646435646265353462343031396366323637343965613632
63653433336165656463383733333637396336396539373334653461373364343263633563333164
35626262383431663930
